Cross validation scores:
Scores: [0.96614346 0.96823271 0.96903461]
Mean: 0.9678035934109815
Standard deviation: 0.0012186845679282136

Confusion matrix:
[[5479    4    4    1    0    6   21    2    2    3]
 [   1 6271    8    1    4    0    1   12    1    3]
 [  42   56 5356   12    6    3   13   82   18    4]
 [   4   19   34 5504    2   61    1   36   28   24]
 [   4   45    2    1 5270    0   12   12    3  110]
 [  23    8    3   79   11 4841   44    9    7   25]
 [  21   13    1    0    6   20 5440    0    0    0]
 [   1   74   15    1   18    1    0 5657    2   65]
 [  22   79   21   80   34   82   25   19 5038   60]
 [  19   13    7   41   55   12    3   70    6 5341]]

Precision score:
0.9683294339438472
Recall score:
0.9673185618744752
F1 score:
0.9676352114060695
