Cross validation scores:
Scores: [0.96314352 0.96458992 0.96726669]
Mean: 0.9650000404758504
Standard deviation: 0.0017080766569566115

Confusion matrix:
[[5439    0    6    3    3   10   25    1   33    2]
 [   0 6205   33   18   10    5    6   10   10    5]
 [  23   13 5395   29   27    3   21   41   35    5]
 [   6    6   76 5423    1   65    5   44   54   33]
 [   6    6   10    1 5305    0   29   10   15   77]
 [  19    6    3   69   10 4848   37    7   30   21]
 [  18   12    3    0   12   39 5398    0   19    0]
 [   7   22   72    8   27    2    0 5615   11   70]
 [  10   27   39   47   27   46   22    9 5174   59]
 [  24    7   16   70   65   19    4   44   39 5279]]

Precision score:
0.9654422652623268
Recall score:
0.9654999843388575
F1 score:
0.9654601043941813
