Cross validation scores:
Scores: [0.86875234 0.85878824 0.88154934]
Mean: 0.8696966402268004
Standard deviation: 0.009316141853346798

Confusion matrix:
[[5355    1   12   18   12   18   63    4   19   20]
 [   1 5861   58   23   10   17   26   21  263   22]
 [  65   42 4850  116   56   25  156   80  143   59]
 [  37   27  196 4952   14  148   41   47   83  168]
 [  14   16   17   12 4780   36   87   25   82  390]
 [ 104   20   62  396   56 3805  187   24  248  148]
 [  47   12   55    2   38   52 5253    6   32    4]
 [  31   19   61   27   86    6    5 5068   21  510]
 [  89  143  165  258   54  387  106   55 3910  293]
 [  39   20   12   90  189   77    4  212   55 4869]]

Precision score:
0.8693375309689619
Recall score:
0.8677322123606602
F1 score:
0.8673092967841788
