Cross validation scores:
Scores: [0.81105492 0.80003857 0.75893842]
Mean: 0.7900106391275646
Standard deviation: 0.02242694610288626

Confusion matrix:
[[25647     5   702   116    48   112   470   116   351    43]
 [  140 26790  1199   270   128   245   229   648  1643   218]
 [  168    58 24881   348   303    85   542   461  1067    47]
 [  211   119  4158 20773    99  1055   393   599   890   268]
 [   69   106   770    72 23439   169   574   380   907   809]
 [  612   176  1398  1607   645 17047  1509   228  1658   370]
 [  225   123   853    21   185   261 25546    23   263     5]
 [  188    81  2300   231   496    91    48 23552   473  1710]
 [  379   751  4757   919   433  1058   644   434 17612   313]
 [  173   206   894   840  3266   853    58  4162  1467 15916]]

Precision score:
0.8000394584035224
Recall score:
0.7883171050056207
F1 score:
0.7877027800228621
